17
144 2
2159 86252
13 2
27540 35977
936 11
6219 30600 91792 31663 61472 35974 73598 43530 89443 30618 16142
231 7
32599 49217 32684 23534 51340 2623 63041
81 13
61114 2707 37652 79916 4736 30539 24063 31106 53156 79511 18456 86279 9268
281 8
35282 28028 98763 44849 39307 61772 34826 58260
841 3
97336 53547 18412
328 12
33740 81785 49207 19527 367 53214 19780 96227 43999 33938 25160 34807
416 15
77021 14666 72703 94715 85126 78105 92947 1804 17330 43182 79390 70897 17636 61303 75226
682 7
62803 36725 2095 99911 37421 71748 64141
463 10
69374 3496 9592 51567 16211 84698 4723 72088 55917 77430
120 12
27416 77479 37305 54379 90825 25587 84406 26106 44585 32188 8848 85140
198 4
43277 85926 67461 72862
552 12
26350 64790 19646 43328 94290 25992 55545 95124 49661 9877 47379 37990
44 8
67337 19798 6481 11301 7177 48493 12732 27027
70 7
46955 59038 39147 69450 12609 64693 51218
856 15
93699 18910 28726 24378 28413 20892 62884 9664 11792 45789 57723 76147 35138 48369 10159