14
667 7
88873 43725 75481 10428 53557 73064 48430
898 9
45905 50445 32408 94845 73995 24237 12771 97475 42235
243 10
62162 28938 92172 64527 30870 91058 49656 45330 68309 66439
632 31
79812 77063 12445 16299 22085 77217 944 31123 55182 5027 57027 10585 15471 87417 69568 344 98953 74111 83106 95255 48171 35370 9569 33200 17890 1602 51585 68732 85408 20601 50021
768 12
60741 88596 21646 56089 37805 47199 51531 51999 60129 4042 15314 72168
479 2
32504 70733
645 16
19201 5871 17206 27327 40430 99709 41610 5428 98958 55827 25420 70748 75243 94335 25857 37503
239 9
24090 81579 9762 25002 15471 66100 24399 74135 44603
577 15
92536 48927 61192 44268 10564 34474 75890 92873 32846 49872 56915 80 2679 64040 32465
15 45
84676 58969 18222 35367 52748 59235 87356 63399 26339 88411 8709 44189 42378 8958 59080 82100 87516 62621 14130 980 55773 79034 50277 49922 85505 83648 85045 79668 87066 37229 89219 44384 71190 12655 64192 5171 95288 22570 50057 97136 640 25771 98624 53369 64801
878 5
54048 63022 99438 29679 10356
125 60
35213 72890 3838 15586 67868 33271 74396 6696 4215 10983 776 61415 98641 29476 80938 91387 61333 88234 16660 3144 52288 62003 9552 79930 11118 1730 66663 90535 1012 13446 7536 92625 79022 23365 19035 67549 45042 57470 55339 21451 14899 50575 502 29363 37535 1173 57407 74011 66935 52257 83354 14885 74990 24848 91190 23683 28641 60082 36229 59866
104 54
35639 66805 93797 16248 26272 54611 53039 98845 65174 80343 49340 69418 22566 13050 83204 95619 57624 96734 29692 20911 51093 47165 73823 36575 87373 53550 21149 64295 44980 6276 22182 75719 32099 22098 21326 25208 3160 81443 141 59961 20568 94477 47235 54642 98458 4386 86878 86013 46697 68697 96133 6582 37849 91627
510 14
60088 44870 88025 97293 80462 50871 4019 14111 31565 51125 3431 59760 58816 22565